0.05338 0.87541 0.1212 0.51826 1.3324 0.31866
0.021885 1.2774 0.069577 0.2343 2.445 0.18005
0.040147 1.6589 0.16243 0.32027 1.4815 0.11907
0.033909 0.63068 0.086539 0.40914 2.2958 0.25721
0.055796 1.1755 0.10257 0.34602 2.8198 0.34126
0.029527 1.0127 0.15354 0.44646 0.98777 0.21068
0.04775 0.8297 0.061354 0.47462 1.9419 0.15202
0.036287 1.4952 0.13657 0.20222 1.8656 0.28307
0.050681 1.4392 0.067273 0.36998 1.141 0.30313
0.024588 0.71089 0.13236 0.28399 2.6675 0.19466
0.042689 1.0967 0.11063 0.26736 1.713 0.1346
0.031363 1.1989 0.14355 0.54844 2.0955 0.2426
0.058343 0.61002 0.15651 0.21796 2.5382 0.32688
0.026985 1.5754 0.090751 0.48749 1.24 0.22598
0.045047 1.3968 0.11313 0.43617 2.2041 0.1664
0.038985 0.93417 0.079569 0.33862 1.5742 0.26777
0.054679 1.317 0.14791 0.50366 1.7507 0.26168
0.020591 0.87123 0.1011 0.2197 2.1484 0.13041
0.041353 0.6882 0.13493 0.32882 1.1787 0.19093
0.032698 1.6368 0.056 0.41768 2.7204 0.32175
0.057017 1.0172 0.074986 0.29078 2.2872 0.29354
0.028311 1.1356 0.12289 0.39121 1.6421 0.15564
0.049034 1.517 0.087957 0.53501 2.6213 0.21475
0.034997 0.77246 0.168 0.26261 1.308 0.35313
0.051897 0.75078 0.096188 0.45401 1.5494 0.24615
0.023367 1.4347 0.15817 0.36802 2.3789 0.14502
0.043978 1.2561 0.080959 0.18956 1.4003 0.20646
0.030078 1.0749 0.11873 0.47064 2.5281 0.30714
0.059637 1.5796 0.1267 0.24979 1.9948 0.27917
0.025686 0.57042 0.065828 0.51932 1.9034 0.17094
0.046257 0.95628 0.14194 0.39865 2.8727 0.22912
0.037779 1.3393 0.10525 0.30111 1.0255 0.33783
0.052794 0.81091 0.14489 0.31057 1.0931 0.14066
0.021221 1.4852 0.11106 0.39511 2.684 0.2487
0.04073 1.1699 0.1319 0.52877 1.7293 0.30828
0.034571 0.98068 0.065966 0.24625 2.0478 0.19978
0.055134 1.6755 0.079112 0.46258 2.581 0.17528
0.028943 0.65609 0.11182 0.19161 1.2263 0.27663
0.048413 0.90527 0.092085 0.35996 2.1903 0.33669
0.036872 1.2808 0.15693 0.45606 1.6171 0.23582
0.050012 1.3714 0.086111 0.25333 1.3761 0.12605
0.023998 0.91755 0.16109 0.53874 2.4322 0.26423
0.043356 0.60667 0.070881 0.38193 1.4686 0.32289
0.031951 1.5456 0.12165 0.29451 2.3397 0.18425
0.057754 1.1068 0.13787 0.42557 2.7729 0.15999
0.026317 1.2177 0.061809 0.32658 1.0051 0.29101
0.045636 1.4713 0.15312 0.22758 1.9592 0.35198
0.039653 0.71646 0.10124 0.50142 1.8188 0.22144
0.05401 1.5337 0.1174 0.34212 1.5063 0.19574
0.02 0.79787 0.080529 0.42667 2.3925 0.29638
0.04202 1.047 0.15863 0.49098 1.4138 0.23819
0.033287 1.1389 0.097495 0.20846 2.485 0.13708
0.056428 0.6694 0.10571 0.54634 2.0422 0.2249
0.027644 1.6268 0.14325 0.27537 1.8868 0.33363
0.049624 1.3115 0.064494 0.28189 2.8559 0.27218
0.035666 0.83917 0.12627 0.37799 1.0731 0.16391
0.051312 0.96628 0.056427 0.19854 1.7973 0.18113
0.022703 1.3581 0.13626 0.48395 2.1308 0.31191
0.044562 1.6117 0.099791 0.44277 1.1611 0.2528
0.03074 0.57598 0.14746 0.35535 2.767 0.12155
0.058975 1.2307 0.16669 0.41142 2.2431 0.2096
0.025102 1.0583 0.087502 0.31243 1.6549 0.348
0.046921 0.74741 0.12331 0.23658 2.6339 0.28748
0.038364 1.4049 0.076318 0.51042 1.264 0.14954
0.053643 1.1212 0.071324 0.44717 2.1589 0.32919
0.022285 1.029 0.11945 0.35108 1.7692 0.22841
0.040352 0.77983 0.084792 0.20583 2.731 0.16788
0.03429 1.5159 0.16417 0.47679 1.1972 0.26914
0.056003 0.85641 0.1518 0.23213 1.6381 0.30081
0.029909 1.329 0.10432 0.51464 2.2598 0.19223
0.048015 1.6443 0.13831 0.40408 1.3039 0.13311
0.036689 0.68661 0.059605 0.31955 2.594 0.24124
0.051102 0.5585 0.13058 0.48676 2.3531 0.34449
0.024832 1.5944 0.069047 0.21291 1.5457 0.21403
0.04305 1.3409 0.14533 0.33501 2.5023 0.15258
0.031587 0.94876 0.10886 0.43401 1.3966 0.28352
0.058706 1.423 0.092528 0.28616 1.9224 0.31542
0.027211 0.76517 0.15473 0.37359 2.0066 0.1767
0.045468 1.0761 0.077792 0.5535 1.0446 0.1185
0.03923 1.2487 0.11491 0.26808 2.8845 0.25677
0.054942 0.9982 0.099349 0.38615 2.4645 0.27968
0.020991 1.1871 0.14966 0.29006 1.3437 0.17132
0.041558 1.5024 0.057747 0.26044 2.3153 0.2323
0.033079 0.8284 0.13318 0.5314 1.4929 0.34112
0.057223 1.2628 0.12464 0.22331 0.9615 0.24565
0.028693 0.88748 0.073237 0.50583 2.8165 0.14463
0.049299 0.63833 0.16625 0.41841 1.8394 0.20329
0.035399 1.6574 0.089706 0.33387 1.9387 0.30384
0.052318 1.5634 0.15995 0.52437 2.663 0.29497
0.023611 0.62471 0.094413 0.25052 1.1141 0.15694
0.044339 0.93562 0.11696 0.30327 2.0909 0.21701
0.030303 1.3891 0.082733 0.40227 1.6862 0.3555
0.06 0.69925 0.064051 0.36441 1.2511 0.26027
0.025912 1.4537 0.12847 0.45184 2.5562 0.1291
0.046679 1.2002 0.10703 0.46992 1.5852 0.18868
0.038024 1.0895 0.14017 0.1845 2.2221 0.31938
0.052863 1.2043 0.15743 0.35436 1.3223 0.29845
0.021818 1.0848 0.09148 0.43889 2.6067 0.19747
0.041132 0.70337 0.11232 0.48006 1.6527 0.13927
0.034757 1.4491 0.078509 0.19755 2.2764 0.23979
